4000
1		1		2
2		2		3
3		3		4
4		4		5
5		5		6
6		6		7
7		7		8
8		8		9
9		9		10
10		10		11
11		11		12
12		12		13
13		13		14
14		14		15
15		15		16
16		16		17
17		17		18
18		18		19
19		19		20
20		20		21
21		21		22
22		22		23
23		23		24
24		24		25
25		25		26
26		26		27
27		27		28
28		28		29
29		29		30
30		30		31
31		31		32
32		32		33
33		33		34
34		34		35
35		35		36
36		36		37
37		37		38
38		38		39
39		39		40
40		40		41
41		41		42
42		42		43
43		43		44
44		44		45
45		45		46
46		46		47
47		47		48
48		48		49
49		49		50
50		50		51
51		51		52
52		52		53
53		53		54
54		54		55
55		55		56
56		56		57
57		57		58
58		58		59
59		59		60
60		60		61
61		61		62
62		62		63
63		63		64
64		64		65
65		65		66
66		66		67
67		67		68
68		68		69
69		69		70
70		70		71
71		71		72
72		72		73
73		73		74
74		74		75
75		75		76
76		76		77
77		77		78
78		78		79
79		79		80
80		80		81
81		81		82
82		82		83
83		83		84
84		84		85
85		85		86
86		86		87
87		87		88
88		88		89
89		89		90
90		90		91
91		91		92
92		92		93
93		93		94
94		94		95
95		95		96
96		96		97
97		97		98
98		98		99
99		99		100
100		100		101
101		101		102
102		102		103
103		103		104
104		104		105
105		105		106
106		106		107
107		107		108
108		108		109
109		109		110
110		110		111
111		111		112
112		112		113
113		113		114
114		114		115
115		115		116
116		116		117
117		117		118
118		118		119
119		119		120
120		120		121
121		121		122
122		122		123
123		123		124
124		124		125
125		125		126
126		126		127
127		127		128
128		128		129
129		129		130
130		130		131
131		131		132
132		132		133
133		133		134
134		134		135
135		135		136
136		136		137
137		137		138
138		138		139
139		139		140
140		140		141
141		141		142
142		142		143
143		143		144
144		144		145
145		145		146
146		146		147
147		147		148
148		148		149
149		149		150
150		150		151
151		151		152
152		152		153
153		153		154
154		154		155
155		155		156
156		156		157
157		157		158
158		158		159
159		159		160
160		160		161
161		161		162
162		162		163
163		163		164
164		164		165
165		165		166
166		166		167
167		167		168
168		168		169
169		169		170
170		170		171
171		171		172
172		172		173
173		173		174
174		174		175
175		175		176
176		176		177
177		177		178
178		178		179
179		179		180
180		180		181
181		181		182
182		182		183
183		183		184
184		184		185
185		185		186
186		186		187
187		187		188
188		188		189
189		189		190
190		190		191
191		191		192
192		192		193
193		193		194
194		194		195
195		195		196
196		196		197
197		197		198
198		198		199
199		199		200
200		200		201
201		201		202
202		202		203
203		203		204
204		204		205
205		205		206
206		206		207
207		207		208
208		208		209
209		209		210
210		210		211
211		211		212
212		212		213
213		213		214
214		214		215
215		215		216
216		216		217
217		217		218
218		218		219
219		219		220
220		220		221
221		221		222
222		222		223
223		223		224
224		224		225
225		225		226
226		226		227
227		227		228
228		228		229
229		229		230
230		230		231
231		231		232
232		232		233
233		233		234
234		234		235
235		235		236
236		236		237
237		237		238
238		238		239
239		239		240
240		240		241
241		241		242
242		242		243
243		243		244
244		244		245
245		245		246
246		246		247
247		247		248
248		248		249
249		249		250
250		250		251
251		251		252
252		252		253
253		253		254
254		254		255
255		255		256
256		256		257
257		257		258
258		258		259
259		259		260
260		260		261
261		261		262
262		262		263
263		263		264
264		264		265
265		265		266
266		266		267
267		267		268
268		268		269
269		269		270
270		270		271
271		271		272
272		272		273
273		273		274
274		274		275
275		275		276
276		276		277
277		277		278
278		278		279
279		279		280
280		280		281
281		281		282
282		282		283
283		283		284
284		284		285
285		285		286
286		286		287
287		287		288
288		288		289
289		289		290
290		290		291
291		291		292
292		292		293
293		293		294
294		294		295
295		295		296
296		296		297
297		297		298
298		298		299
299		299		300
300		300		301
301		301		302
302		302		303
303		303		304
304		304		305
305		305		306
306		306		307
307		307		308
308		308		309
309		309		310
310		310		311
311		311		312
312		312		313
313		313		314
314		314		315
315		315		316
316		316		317
317		317		318
318		318		319
319		319		320
320		320		321
321		321		322
322		322		323
323		323		324
324		324		325
325		325		326
326		326		327
327		327		328
328		328		329
329		329		330
330		330		331
331		331		332
332		332		333
333		333		334
334		334		335
335		335		336
336		336		337
337		337		338
338		338		339
339		339		340
340		340		341
341		341		342
342		342		343
343		343		344
344		344		345
345		345		346
346		346		347
347		347		348
348		348		349
349		349		350
350		350		351
351		351		352
352		352		353
353		353		354
354		354		355
355		355		356
356		356		357
357		357		358
358		358		359
359		359		360
360		360		361
361		361		362
362		362		363
363		363		364
364		364		365
365		365		366
366		366		367
367		367		368
368		368		369
369		369		370
370		370		371
371		371		372
372		372		373
373		373		374
374		374		375
375		375		376
376		376		377
377		377		378
378		378		379
379		379		380
380		380		381
381		381		382
382		382		383
383		383		384
384		384		385
385		385		386
386		386		387
387		387		388
388		388		389
389		389		390
390		390		391
391		391		392
392		392		393
393		393		394
394		394		395
395		395		396
396		396		397
397		397		398
398		398		399
399		399		400
400		400		401
401		401		402
402		402		403
403		403		404
404		404		405
405		405		406
406		406		407
407		407		408
408		408		409
409		409		410
410		410		411
411		411		412
412		412		413
413		413		414
414		414		415
415		415		416
416		416		417
417		417		418
418		418		419
419		419		420
420		420		421
421		421		422
422		422		423
423		423		424
424		424		425
425		425		426
426		426		427
427		427		428
428		428		429
429		429		430
430		430		431
431		431		432
432		432		433
433		433		434
434		434		435
435		435		436
436		436		437
437		437		438
438		438		439
439		439		440
440		440		441
441		441		442
442		442		443
443		443		444
444		444		445
445		445		446
446		446		447
447		447		448
448		448		449
449		449		450
450		450		451
451		451		452
452		452		453
453		453		454
454		454		455
455		455		456
456		456		457
457		457		458
458		458		459
459		459		460
460		460		461
461		461		462
462		462		463
463		463		464
464		464		465
465		465		466
466		466		467
467		467		468
468		468		469
469		469		470
470		470		471
471		471		472
472		472		473
473		473		474
474		474		475
475		475		476
476		476		477
477		477		478
478		478		479
479		479		480
480		480		481
481		481		482
482		482		483
483		483		484
484		484		485
485		485		486
486		486		487
487		487		488
488		488		489
489		489		490
490		490		491
491		491		492
492		492		493
493		493		494
494		494		495
495		495		496
496		496		497
497		497		498
498		498		499
499		499		500
500		500		501
501		501		502
502		502		503
503		503		504
504		504		505
505		505		506
506		506		507
507		507		508
508		508		509
509		509		510
510		510		511
511		511		512
512		512		513
513		513		514
514		514		515
515		515		516
516		516		517
517		517		518
518		518		519
519		519		520
520		520		521
521		521		522
522		522		523
523		523		524
524		524		525
525		525		526
526		526		527
527		527		528
528		528		529
529		529		530
530		530		531
531		531		532
532		532		533
533		533		534
534		534		535
535		535		536
536		536		537
537		537		538
538		538		539
539		539		540
540		540		541
541		541		542
542		542		543
543		543		544
544		544		545
545		545		546
546		546		547
547		547		548
548		548		549
549		549		550
550		550		551
551		551		552
552		552		553
553		553		554
554		554		555
555		555		556
556		556		557
557		557		558
558		558		559
559		559		560
560		560		561
561		561		562
562		562		563
563		563		564
564		564		565
565		565		566
566		566		567
567		567		568
568		568		569
569		569		570
570		570		571
571		571		572
572		572		573
573		573		574
574		574		575
575		575		576
576		576		577
577		577		578
578		578		579
579		579		580
580		580		581
581		581		582
582		582		583
583		583		584
584		584		585
585		585		586
586		586		587
587		587		588
588		588		589
589		589		590
590		590		591
591		591		592
592		592		593
593		593		594
594		594		595
595		595		596
596		596		597
597		597		598
598		598		599
599		599		600
600		600		601
601		601		602
602		602		603
603		603		604
604		604		605
605		605		606
606		606		607
607		607		608
608		608		609
609		609		610
610		610		611
611		611		612
612		612		613
613		613		614
614		614		615
615		615		616
616		616		617
617		617		618
618		618		619
619		619		620
620		620		621
621		621		622
622		622		623
623		623		624
624		624		625
625		625		626
626		626		627
627		627		628
628		628		629
629		629		630
630		630		631
631		631		632
632		632		633
633		633		634
634		634		635
635		635		636
636		636		637
637		637		638
638		638		639
639		639		640
640		640		641
641		641		642
642		642		643
643		643		644
644		644		645
645		645		646
646		646		647
647		647		648
648		648		649
649		649		650
650		650		651
651		651		652
652		652		653
653		653		654
654		654		655
655		655		656
656		656		657
657		657		658
658		658		659
659		659		660
660		660		661
661		661		662
662		662		663
663		663		664
664		664		665
665		665		666
666		666		667
667		667		668
668		668		669
669		669		670
670		670		671
671		671		672
672		672		673
673		673		674
674		674		675
675		675		676
676		676		677
677		677		678
678		678		679
679		679		680
680		680		681
681		681		682
682		682		683
683		683		684
684		684		685
685		685		686
686		686		687
687		687		688
688		688		689
689		689		690
690		690		691
691		691		692
692		692		693
693		693		694
694		694		695
695		695		696
696		696		697
697		697		698
698		698		699
699		699		700
700		700		701
701		701		702
702		702		703
703		703		704
704		704		705
705		705		706
706		706		707
707		707		708
708		708		709
709		709		710
710		710		711
711		711		712
712		712		713
713		713		714
714		714		715
715		715		716
716		716		717
717		717		718
718		718		719
719		719		720
720		720		721
721		721		722
722		722		723
723		723		724
724		724		725
725		725		726
726		726		727
727		727		728
728		728		729
729		729		730
730		730		731
731		731		732
732		732		733
733		733		734
734		734		735
735		735		736
736		736		737
737		737		738
738		738		739
739		739		740
740		740		741
741		741		742
742		742		743
743		743		744
744		744		745
745		745		746
746		746		747
747		747		748
748		748		749
749		749		750
750		750		751
751		751		752
752		752		753
753		753		754
754		754		755
755		755		756
756		756		757
757		757		758
758		758		759
759		759		760
760		760		761
761		761		762
762		762		763
763		763		764
764		764		765
765		765		766
766		766		767
767		767		768
768		768		769
769		769		770
770		770		771
771		771		772
772		772		773
773		773		774
774		774		775
775		775		776
776		776		777
777		777		778
778		778		779
779		779		780
780		780		781
781		781		782
782		782		783
783		783		784
784		784		785
785		785		786
786		786		787
787		787		788
788		788		789
789		789		790
790		790		791
791		791		792
792		792		793
793		793		794
794		794		795
795		795		796
796		796		797
797		797		798
798		798		799
799		799		800
800		800		801
801		801		802
802		802		803
803		803		804
804		804		805
805		805		806
806		806		807
807		807		808
808		808		809
809		809		810
810		810		811
811		811		812
812		812		813
813		813		814
814		814		815
815		815		816
816		816		817
817		817		818
818		818		819
819		819		820
820		820		821
821		821		822
822		822		823
823		823		824
824		824		825
825		825		826
826		826		827
827		827		828
828		828		829
829		829		830
830		830		831
831		831		832
832		832		833
833		833		834
834		834		835
835		835		836
836		836		837
837		837		838
838		838		839
839		839		840
840		840		841
841		841		842
842		842		843
843		843		844
844		844		845
845		845		846
846		846		847
847		847		848
848		848		849
849		849		850
850		850		851
851		851		852
852		852		853
853		853		854
854		854		855
855		855		856
856		856		857
857		857		858
858		858		859
859		859		860
860		860		861
861		861		862
862		862		863
863		863		864
864		864		865
865		865		866
866		866		867
867		867		868
868		868		869
869		869		870
870		870		871
871		871		872
872		872		873
873		873		874
874		874		875
875		875		876
876		876		877
877		877		878
878		878		879
879		879		880
880		880		881
881		881		882
882		882		883
883		883		884
884		884		885
885		885		886
886		886		887
887		887		888
888		888		889
889		889		890
890		890		891
891		891		892
892		892		893
893		893		894
894		894		895
895		895		896
896		896		897
897		897		898
898		898		899
899		899		900
900		900		901
901		901		902
902		902		903
903		903		904
904		904		905
905		905		906
906		906		907
907		907		908
908		908		909
909		909		910
910		910		911
911		911		912
912		912		913
913		913		914
914		914		915
915		915		916
916		916		917
917		917		918
918		918		919
919		919		920
920		920		921
921		921		922
922		922		923
923		923		924
924		924		925
925		925		926
926		926		927
927		927		928
928		928		929
929		929		930
930		930		931
931		931		932
932		932		933
933		933		934
934		934		935
935		935		936
936		936		937
937		937		938
938		938		939
939		939		940
940		940		941
941		941		942
942		942		943
943		943		944
944		944		945
945		945		946
946		946		947
947		947		948
948		948		949
949		949		950
950		950		951
951		951		952
952		952		953
953		953		954
954		954		955
955		955		956
956		956		957
957		957		958
958		958		959
959		959		960
960		960		961
961		961		962
962		962		963
963		963		964
964		964		965
965		965		966
966		966		967
967		967		968
968		968		969
969		969		970
970		970		971
971		971		972
972		972		973
973		973		974
974		974		975
975		975		976
976		976		977
977		977		978
978		978		979
979		979		980
980		980		981
981		981		982
982		982		983
983		983		984
984		984		985
985		985		986
986		986		987
987		987		988
988		988		989
989		989		990
990		990		991
991		991		992
992		992		993
993		993		994
994		994		995
995		995		996
996		996		997
997		997		998
998		998		999
999		999		1000
1000		1000		1001
1001		1001		1002
1002		1002		1003
1003		1003		1004
1004		1004		1005
1005		1005		1006
1006		1006		1007
1007		1007		1008
1008		1008		1009
1009		1009		1010
1010		1010		1011
1011		1011		1012
1012		1012		1013
1013		1013		1014
1014		1014		1015
1015		1015		1016
1016		1016		1017
1017		1017		1018
1018		1018		1019
1019		1019		1020
1020		1020		1021
1021		1021		1022
1022		1022		1023
1023		1023		1024
1024		1024		1025
1025		1025		1026
1026		1026		1027
1027		1027		1028
1028		1028		1029
1029		1029		1030
1030		1030		1031
1031		1031		1032
1032		1032		1033
1033		1033		1034
1034		1034		1035
1035		1035		1036
1036		1036		1037
1037		1037		1038
1038		1038		1039
1039		1039		1040
1040		1040		1041
1041		1041		1042
1042		1042		1043
1043		1043		1044
1044		1044		1045
1045		1045		1046
1046		1046		1047
1047		1047		1048
1048		1048		1049
1049		1049		1050
1050		1050		1051
1051		1051		1052
1052		1052		1053
1053		1053		1054
1054		1054		1055
1055		1055		1056
1056		1056		1057
1057		1057		1058
1058		1058		1059
1059		1059		1060
1060		1060		1061
1061		1061		1062
1062		1062		1063
1063		1063		1064
1064		1064		1065
1065		1065		1066
1066		1066		1067
1067		1067		1068
1068		1068		1069
1069		1069		1070
1070		1070		1071
1071		1071		1072
1072		1072		1073
1073		1073		1074
1074		1074		1075
1075		1075		1076
1076		1076		1077
1077		1077		1078
1078		1078		1079
1079		1079		1080
1080		1080		1081
1081		1081		1082
1082		1082		1083
1083		1083		1084
1084		1084		1085
1085		1085		1086
1086		1086		1087
1087		1087		1088
1088		1088		1089
1089		1089		1090
1090		1090		1091
1091		1091		1092
1092		1092		1093
1093		1093		1094
1094		1094		1095
1095		1095		1096
1096		1096		1097
1097		1097		1098
1098		1098		1099
1099		1099		1100
1100		1100		1101
1101		1101		1102
1102		1102		1103
1103		1103		1104
1104		1104		1105
1105		1105		1106
1106		1106		1107
1107		1107		1108
1108		1108		1109
1109		1109		1110
1110		1110		1111
1111		1111		1112
1112		1112		1113
1113		1113		1114
1114		1114		1115
1115		1115		1116
1116		1116		1117
1117		1117		1118
1118		1118		1119
1119		1119		1120
1120		1120		1121
1121		1121		1122
1122		1122		1123
1123		1123		1124
1124		1124		1125
1125		1125		1126
1126		1126		1127
1127		1127		1128
1128		1128		1129
1129		1129		1130
1130		1130		1131
1131		1131		1132
1132		1132		1133
1133		1133		1134
1134		1134		1135
1135		1135		1136
1136		1136		1137
1137		1137		1138
1138		1138		1139
1139		1139		1140
1140		1140		1141
1141		1141		1142
1142		1142		1143
1143		1143		1144
1144		1144		1145
1145		1145		1146
1146		1146		1147
1147		1147		1148
1148		1148		1149
1149		1149		1150
1150		1150		1151
1151		1151		1152
1152		1152		1153
1153		1153		1154
1154		1154		1155
1155		1155		1156
1156		1156		1157
1157		1157		1158
1158		1158		1159
1159		1159		1160
1160		1160		1161
1161		1161		1162
1162		1162		1163
1163		1163		1164
1164		1164		1165
1165		1165		1166
1166		1166		1167
1167		1167		1168
1168		1168		1169
1169		1169		1170
1170		1170		1171
1171		1171		1172
1172		1172		1173
1173		1173		1174
1174		1174		1175
1175		1175		1176
1176		1176		1177
1177		1177		1178
1178		1178		1179
1179		1179		1180
1180		1180		1181
1181		1181		1182
1182		1182		1183
1183		1183		1184
1184		1184		1185
1185		1185		1186
1186		1186		1187
1187		1187		1188
1188		1188		1189
1189		1189		1190
1190		1190		1191
1191		1191		1192
1192		1192		1193
1193		1193		1194
1194		1194		1195
1195		1195		1196
1196		1196		1197
1197		1197		1198
1198		1198		1199
1199		1199		1200
1200		1200		1201
1201		1201		1202
1202		1202		1203
1203		1203		1204
1204		1204		1205
1205		1205		1206
1206		1206		1207
1207		1207		1208
1208		1208		1209
1209		1209		1210
1210		1210		1211
1211		1211		1212
1212		1212		1213
1213		1213		1214
1214		1214		1215
1215		1215		1216
1216		1216		1217
1217		1217		1218
1218		1218		1219
1219		1219		1220
1220		1220		1221
1221		1221		1222
1222		1222		1223
1223		1223		1224
1224		1224		1225
1225		1225		1226
1226		1226		1227
1227		1227		1228
1228		1228		1229
1229		1229		1230
1230		1230		1231
1231		1231		1232
1232		1232		1233
1233		1233		1234
1234		1234		1235
1235		1235		1236
1236		1236		1237
1237		1237		1238
1238		1238		1239
1239		1239		1240
1240		1240		1241
1241		1241		1242
1242		1242		1243
1243		1243		1244
1244		1244		1245
1245		1245		1246
1246		1246		1247
1247		1247		1248
1248		1248		1249
1249		1249		1250
1250		1250		1251
1251		1251		1252
1252		1252		1253
1253		1253		1254
1254		1254		1255
1255		1255		1256
1256		1256		1257
1257		1257		1258
1258		1258		1259
1259		1259		1260
1260		1260		1261
1261		1261		1262
1262		1262		1263
1263		1263		1264
1264		1264		1265
1265		1265		1266
1266		1266		1267
1267		1267		1268
1268		1268		1269
1269		1269		1270
1270		1270		1271
1271		1271		1272
1272		1272		1273
1273		1273		1274
1274		1274		1275
1275		1275		1276
1276		1276		1277
1277		1277		1278
1278		1278		1279
1279		1279		1280
1280		1280		1281
1281		1281		1282
1282		1282		1283
1283		1283		1284
1284		1284		1285
1285		1285		1286
1286		1286		1287
1287		1287		1288
1288		1288		1289
1289		1289		1290
1290		1290		1291
1291		1291		1292
1292		1292		1293
1293		1293		1294
1294		1294		1295
1295		1295		1296
1296		1296		1297
1297		1297		1298
1298		1298		1299
1299		1299		1300
1300		1300		1301
1301		1301		1302
1302		1302		1303
1303		1303		1304
1304		1304		1305
1305		1305		1306
1306		1306		1307
1307		1307		1308
1308		1308		1309
1309		1309		1310
1310		1310		1311
1311		1311		1312
1312		1312		1313
1313		1313		1314
1314		1314		1315
1315		1315		1316
1316		1316		1317
1317		1317		1318
1318		1318		1319
1319		1319		1320
1320		1320		1321
1321		1321		1322
1322		1322		1323
1323		1323		1324
1324		1324		1325
1325		1325		1326
1326		1326		1327
1327		1327		1328
1328		1328		1329
1329		1329		1330
1330		1330		1331
1331		1331		1332
1332		1332		1333
1333		1333		1334
1334		1334		1335
1335		1335		1336
1336		1336		1337
1337		1337		1338
1338		1338		1339
1339		1339		1340
1340		1340		1341
1341		1341		1342
1342		1342		1343
1343		1343		1344
1344		1344		1345
1345		1345		1346
1346		1346		1347
1347		1347		1348
1348		1348		1349
1349		1349		1350
1350		1350		1351
1351		1351		1352
1352		1352		1353
1353		1353		1354
1354		1354		1355
1355		1355		1356
1356		1356		1357
1357		1357		1358
1358		1358		1359
1359		1359		1360
1360		1360		1361
1361		1361		1362
1362		1362		1363
1363		1363		1364
1364		1364		1365
1365		1365		1366
1366		1366		1367
1367		1367		1368
1368		1368		1369
1369		1369		1370
1370		1370		1371
1371		1371		1372
1372		1372		1373
1373		1373		1374
1374		1374		1375
1375		1375		1376
1376		1376		1377
1377		1377		1378
1378		1378		1379
1379		1379		1380
1380		1380		1381
1381		1381		1382
1382		1382		1383
1383		1383		1384
1384		1384		1385
1385		1385		1386
1386		1386		1387
1387		1387		1388
1388		1388		1389
1389		1389		1390
1390		1390		1391
1391		1391		1392
1392		1392		1393
1393		1393		1394
1394		1394		1395
1395		1395		1396
1396		1396		1397
1397		1397		1398
1398		1398		1399
1399		1399		1400
1400		1400		1401
1401		1401		1402
1402		1402		1403
1403		1403		1404
1404		1404		1405
1405		1405		1406
1406		1406		1407
1407		1407		1408
1408		1408		1409
1409		1409		1410
1410		1410		1411
1411		1411		1412
1412		1412		1413
1413		1413		1414
1414		1414		1415
1415		1415		1416
1416		1416		1417
1417		1417		1418
1418		1418		1419
1419		1419		1420
1420		1420		1421
1421		1421		1422
1422		1422		1423
1423		1423		1424
1424		1424		1425
1425		1425		1426
1426		1426		1427
1427		1427		1428
1428		1428		1429
1429		1429		1430
1430		1430		1431
1431		1431		1432
1432		1432		1433
1433		1433		1434
1434		1434		1435
1435		1435		1436
1436		1436		1437
1437		1437		1438
1438		1438		1439
1439		1439		1440
1440		1440		1441
1441		1441		1442
1442		1442		1443
1443		1443		1444
1444		1444		1445
1445		1445		1446
1446		1446		1447
1447		1447		1448
1448		1448		1449
1449		1449		1450
1450		1450		1451
1451		1451		1452
1452		1452		1453
1453		1453		1454
1454		1454		1455
1455		1455		1456
1456		1456		1457
1457		1457		1458
1458		1458		1459
1459		1459		1460
1460		1460		1461
1461		1461		1462
1462		1462		1463
1463		1463		1464
1464		1464		1465
1465		1465		1466
1466		1466		1467
1467		1467		1468
1468		1468		1469
1469		1469		1470
1470		1470		1471
1471		1471		1472
1472		1472		1473
1473		1473		1474
1474		1474		1475
1475		1475		1476
1476		1476		1477
1477		1477		1478
1478		1478		1479
1479		1479		1480
1480		1480		1481
1481		1481		1482
1482		1482		1483
1483		1483		1484
1484		1484		1485
1485		1485		1486
1486		1486		1487
1487		1487		1488
1488		1488		1489
1489		1489		1490
1490		1490		1491
1491		1491		1492
1492		1492		1493
1493		1493		1494
1494		1494		1495
1495		1495		1496
1496		1496		1497
1497		1497		1498
1498		1498		1499
1499		1499		1500
1500		1500		1501
1501		1501		1502
1502		1502		1503
1503		1503		1504
1504		1504		1505
1505		1505		1506
1506		1506		1507
1507		1507		1508
1508		1508		1509
1509		1509		1510
1510		1510		1511
1511		1511		1512
1512		1512		1513
1513		1513		1514
1514		1514		1515
1515		1515		1516
1516		1516		1517
1517		1517		1518
1518		1518		1519
1519		1519		1520
1520		1520		1521
1521		1521		1522
1522		1522		1523
1523		1523		1524
1524		1524		1525
1525		1525		1526
1526		1526		1527
1527		1527		1528
1528		1528		1529
1529		1529		1530
1530		1530		1531
1531		1531		1532
1532		1532		1533
1533		1533		1534
1534		1534		1535
1535		1535		1536
1536		1536		1537
1537		1537		1538
1538		1538		1539
1539		1539		1540
1540		1540		1541
1541		1541		1542
1542		1542		1543
1543		1543		1544
1544		1544		1545
1545		1545		1546
1546		1546		1547
1547		1547		1548
1548		1548		1549
1549		1549		1550
1550		1550		1551
1551		1551		1552
1552		1552		1553
1553		1553		1554
1554		1554		1555
1555		1555		1556
1556		1556		1557
1557		1557		1558
1558		1558		1559
1559		1559		1560
1560		1560		1561
1561		1561		1562
1562		1562		1563
1563		1563		1564
1564		1564		1565
1565		1565		1566
1566		1566		1567
1567		1567		1568
1568		1568		1569
1569		1569		1570
1570		1570		1571
1571		1571		1572
1572		1572		1573
1573		1573		1574
1574		1574		1575
1575		1575		1576
1576		1576		1577
1577		1577		1578
1578		1578		1579
1579		1579		1580
1580		1580		1581
1581		1581		1582
1582		1582		1583
1583		1583		1584
1584		1584		1585
1585		1585		1586
1586		1586		1587
1587		1587		1588
1588		1588		1589
1589		1589		1590
1590		1590		1591
1591		1591		1592
1592		1592		1593
1593		1593		1594
1594		1594		1595
1595		1595		1596
1596		1596		1597
1597		1597		1598
1598		1598		1599
1599		1599		1600
1600		1600		1601
1601		1601		1602
1602		1602		1603
1603		1603		1604
1604		1604		1605
1605		1605		1606
1606		1606		1607
1607		1607		1608
1608		1608		1609
1609		1609		1610
1610		1610		1611
1611		1611		1612
1612		1612		1613
1613		1613		1614
1614		1614		1615
1615		1615		1616
1616		1616		1617
1617		1617		1618
1618		1618		1619
1619		1619		1620
1620		1620		1621
1621		1621		1622
1622		1622		1623
1623		1623		1624
1624		1624		1625
1625		1625		1626
1626		1626		1627
1627		1627		1628
1628		1628		1629
1629		1629		1630
1630		1630		1631
1631		1631		1632
1632		1632		1633
1633		1633		1634
1634		1634		1635
1635		1635		1636
1636		1636		1637
1637		1637		1638
1638		1638		1639
1639		1639		1640
1640		1640		1641
1641		1641		1642
1642		1642		1643
1643		1643		1644
1644		1644		1645
1645		1645		1646
1646		1646		1647
1647		1647		1648
1648		1648		1649
1649		1649		1650
1650		1650		1651
1651		1651		1652
1652		1652		1653
1653		1653		1654
1654		1654		1655
1655		1655		1656
1656		1656		1657
1657		1657		1658
1658		1658		1659
1659		1659		1660
1660		1660		1661
1661		1661		1662
1662		1662		1663
1663		1663		1664
1664		1664		1665
1665		1665		1666
1666		1666		1667
1667		1667		1668
1668		1668		1669
1669		1669		1670
1670		1670		1671
1671		1671		1672
1672		1672		1673
1673		1673		1674
1674		1674		1675
1675		1675		1676
1676		1676		1677
1677		1677		1678
1678		1678		1679
1679		1679		1680
1680		1680		1681
1681		1681		1682
1682		1682		1683
1683		1683		1684
1684		1684		1685
1685		1685		1686
1686		1686		1687
1687		1687		1688
1688		1688		1689
1689		1689		1690
1690		1690		1691
1691		1691		1692
1692		1692		1693
1693		1693		1694
1694		1694		1695
1695		1695		1696
1696		1696		1697
1697		1697		1698
1698		1698		1699
1699		1699		1700
1700		1700		1701
1701		1701		1702
1702		1702		1703
1703		1703		1704
1704		1704		1705
1705		1705		1706
1706		1706		1707
1707		1707		1708
1708		1708		1709
1709		1709		1710
1710		1710		1711
1711		1711		1712
1712		1712		1713
1713		1713		1714
1714		1714		1715
1715		1715		1716
1716		1716		1717
1717		1717		1718
1718		1718		1719
1719		1719		1720
1720		1720		1721
1721		1721		1722
1722		1722		1723
1723		1723		1724
1724		1724		1725
1725		1725		1726
1726		1726		1727
1727		1727		1728
1728		1728		1729
1729		1729		1730
1730		1730		1731
1731		1731		1732
1732		1732		1733
1733		1733		1734
1734		1734		1735
1735		1735		1736
1736		1736		1737
1737		1737		1738
1738		1738		1739
1739		1739		1740
1740		1740		1741
1741		1741		1742
1742		1742		1743
1743		1743		1744
1744		1744		1745
1745		1745		1746
1746		1746		1747
1747		1747		1748
1748		1748		1749
1749		1749		1750
1750		1750		1751
1751		1751		1752
1752		1752		1753
1753		1753		1754
1754		1754		1755
1755		1755		1756
1756		1756		1757
1757		1757		1758
1758		1758		1759
1759		1759		1760
1760		1760		1761
1761		1761		1762
1762		1762		1763
1763		1763		1764
1764		1764		1765
1765		1765		1766
1766		1766		1767
1767		1767		1768
1768		1768		1769
1769		1769		1770
1770		1770		1771
1771		1771		1772
1772		1772		1773
1773		1773		1774
1774		1774		1775
1775		1775		1776
1776		1776		1777
1777		1777		1778
1778		1778		1779
1779		1779		1780
1780		1780		1781
1781		1781		1782
1782		1782		1783
1783		1783		1784
1784		1784		1785
1785		1785		1786
1786		1786		1787
1787		1787		1788
1788		1788		1789
1789		1789		1790
1790		1790		1791
1791		1791		1792
1792		1792		1793
1793		1793		1794
1794		1794		1795
1795		1795		1796
1796		1796		1797
1797		1797		1798
1798		1798		1799
1799		1799		1800
1800		1800		1801
1801		1801		1802
1802		1802		1803
1803		1803		1804
1804		1804		1805
1805		1805		1806
1806		1806		1807
1807		1807		1808
1808		1808		1809
1809		1809		1810
1810		1810		1811
1811		1811		1812
1812		1812		1813
1813		1813		1814
1814		1814		1815
1815		1815		1816
1816		1816		1817
1817		1817		1818
1818		1818		1819
1819		1819		1820
1820		1820		1821
1821		1821		1822
1822		1822		1823
1823		1823		1824
1824		1824		1825
1825		1825		1826
1826		1826		1827
1827		1827		1828
1828		1828		1829
1829		1829		1830
1830		1830		1831
1831		1831		1832
1832		1832		1833
1833		1833		1834
1834		1834		1835
1835		1835		1836
1836		1836		1837
1837		1837		1838
1838		1838		1839
1839		1839		1840
1840		1840		1841
1841		1841		1842
1842		1842		1843
1843		1843		1844
1844		1844		1845
1845		1845		1846
1846		1846		1847
1847		1847		1848
1848		1848		1849
1849		1849		1850
1850		1850		1851
1851		1851		1852
1852		1852		1853
1853		1853		1854
1854		1854		1855
1855		1855		1856
1856		1856		1857
1857		1857		1858
1858		1858		1859
1859		1859		1860
1860		1860		1861
1861		1861		1862
1862		1862		1863
1863		1863		1864
1864		1864		1865
1865		1865		1866
1866		1866		1867
1867		1867		1868
1868		1868		1869
1869		1869		1870
1870		1870		1871
1871		1871		1872
1872		1872		1873
1873		1873		1874
1874		1874		1875
1875		1875		1876
1876		1876		1877
1877		1877		1878
1878		1878		1879
1879		1879		1880
1880		1880		1881
1881		1881		1882
1882		1882		1883
1883		1883		1884
1884		1884		1885
1885		1885		1886
1886		1886		1887
1887		1887		1888
1888		1888		1889
1889		1889		1890
1890		1890		1891
1891		1891		1892
1892		1892		1893
1893		1893		1894
1894		1894		1895
1895		1895		1896
1896		1896		1897
1897		1897		1898
1898		1898		1899
1899		1899		1900
1900		1900		1901
1901		1901		1902
1902		1902		1903
1903		1903		1904
1904		1904		1905
1905		1905		1906
1906		1906		1907
1907		1907		1908
1908		1908		1909
1909		1909		1910
1910		1910		1911
1911		1911		1912
1912		1912		1913
1913		1913		1914
1914		1914		1915
1915		1915		1916
1916		1916		1917
1917		1917		1918
1918		1918		1919
1919		1919		1920
1920		1920		1921
1921		1921		1922
1922		1922		1923
1923		1923		1924
1924		1924		1925
1925		1925		1926
1926		1926		1927
1927		1927		1928
1928		1928		1929
1929		1929		1930
1930		1930		1931
1931		1931		1932
1932		1932		1933
1933		1933		1934
1934		1934		1935
1935		1935		1936
1936		1936		1937
1937		1937		1938
1938		1938		1939
1939		1939		1940
1940		1940		1941
1941		1941		1942
1942		1942		1943
1943		1943		1944
1944		1944		1945
1945		1945		1946
1946		1946		1947
1947		1947		1948
1948		1948		1949
1949		1949		1950
1950		1950		1951
1951		1951		1952
1952		1952		1953
1953		1953		1954
1954		1954		1955
1955		1955		1956
1956		1956		1957
1957		1957		1958
1958		1958		1959
1959		1959		1960
1960		1960		1961
1961		1961		1962
1962		1962		1963
1963		1963		1964
1964		1964		1965
1965		1965		1966
1966		1966		1967
1967		1967		1968
1968		1968		1969
1969		1969		1970
1970		1970		1971
1971		1971		1972
1972		1972		1973
1973		1973		1974
1974		1974		1975
1975		1975		1976
1976		1976		1977
1977		1977		1978
1978		1978		1979
1979		1979		1980
1980		1980		1981
1981		1981		1982
1982		1982		1983
1983		1983		1984
1984		1984		1985
1985		1985		1986
1986		1986		1987
1987		1987		1988
1988		1988		1989
1989		1989		1990
1990		1990		1991
1991		1991		1992
1992		1992		1993
1993		1993		1994
1994		1994		1995
1995		1995		1996
1996		1996		1997
1997		1997		1998
1998		1998		1999
1999		1999		2000
2000		2000		2001
2001		2001		2002
2002		2002		2003
2003		2003		2004
2004		2004		2005
2005		2005		2006
2006		2006		2007
2007		2007		2008
2008		2008		2009
2009		2009		2010
2010		2010		2011
2011		2011		2012
2012		2012		2013
2013		2013		2014
2014		2014		2015
2015		2015		2016
2016		2016		2017
2017		2017		2018
2018		2018		2019
2019		2019		2020
2020		2020		2021
2021		2021		2022
2022		2022		2023
2023		2023		2024
2024		2024		2025
2025		2025		2026
2026		2026		2027
2027		2027		2028
2028		2028		2029
2029		2029		2030
2030		2030		2031
2031		2031		2032
2032		2032		2033
2033		2033		2034
2034		2034		2035
2035		2035		2036
2036		2036		2037
2037		2037		2038
2038		2038		2039
2039		2039		2040
2040		2040		2041
2041		2041		2042
2042		2042		2043
2043		2043		2044
2044		2044		2045
2045		2045		2046
2046		2046		2047
2047		2047		2048
2048		2048		2049
2049		2049		2050
2050		2050		2051
2051		2051		2052
2052		2052		2053
2053		2053		2054
2054		2054		2055
2055		2055		2056
2056		2056		2057
2057		2057		2058
2058		2058		2059
2059		2059		2060
2060		2060		2061
2061		2061		2062
2062		2062		2063
2063		2063		2064
2064		2064		2065
2065		2065		2066
2066		2066		2067
2067		2067		2068
2068		2068		2069
2069		2069		2070
2070		2070		2071
2071		2071		2072
2072		2072		2073
2073		2073		2074
2074		2074		2075
2075		2075		2076
2076		2076		2077
2077		2077		2078
2078		2078		2079
2079		2079		2080
2080		2080		2081
2081		2081		2082
2082		2082		2083
2083		2083		2084
2084		2084		2085
2085		2085		2086
2086		2086		2087
2087		2087		2088
2088		2088		2089
2089		2089		2090
2090		2090		2091
2091		2091		2092
2092		2092		2093
2093		2093		2094
2094		2094		2095
2095		2095		2096
2096		2096		2097
2097		2097		2098
2098		2098		2099
2099		2099		2100
2100		2100		2101
2101		2101		2102
2102		2102		2103
2103		2103		2104
2104		2104		2105
2105		2105		2106
2106		2106		2107
2107		2107		2108
2108		2108		2109
2109		2109		2110
2110		2110		2111
2111		2111		2112
2112		2112		2113
2113		2113		2114
2114		2114		2115
2115		2115		2116
2116		2116		2117
2117		2117		2118
2118		2118		2119
2119		2119		2120
2120		2120		2121
2121		2121		2122
2122		2122		2123
2123		2123		2124
2124		2124		2125
2125		2125		2126
2126		2126		2127
2127		2127		2128
2128		2128		2129
2129		2129		2130
2130		2130		2131
2131		2131		2132
2132		2132		2133
2133		2133		2134
2134		2134		2135
2135		2135		2136
2136		2136		2137
2137		2137		2138
2138		2138		2139
2139		2139		2140
2140		2140		2141
2141		2141		2142
2142		2142		2143
2143		2143		2144
2144		2144		2145
2145		2145		2146
2146		2146		2147
2147		2147		2148
2148		2148		2149
2149		2149		2150
2150		2150		2151
2151		2151		2152
2152		2152		2153
2153		2153		2154
2154		2154		2155
2155		2155		2156
2156		2156		2157
2157		2157		2158
2158		2158		2159
2159		2159		2160
2160		2160		2161
2161		2161		2162
2162		2162		2163
2163		2163		2164
2164		2164		2165
2165		2165		2166
2166		2166		2167
2167		2167		2168
2168		2168		2169
2169		2169		2170
2170		2170		2171
2171		2171		2172
2172		2172		2173
2173		2173		2174
2174		2174		2175
2175		2175		2176
2176		2176		2177
2177		2177		2178
2178		2178		2179
2179		2179		2180
2180		2180		2181
2181		2181		2182
2182		2182		2183
2183		2183		2184
2184		2184		2185
2185		2185		2186
2186		2186		2187
2187		2187		2188
2188		2188		2189
2189		2189		2190
2190		2190		2191
2191		2191		2192
2192		2192		2193
2193		2193		2194
2194		2194		2195
2195		2195		2196
2196		2196		2197
2197		2197		2198
2198		2198		2199
2199		2199		2200
2200		2200		2201
2201		2201		2202
2202		2202		2203
2203		2203		2204
2204		2204		2205
2205		2205		2206
2206		2206		2207
2207		2207		2208
2208		2208		2209
2209		2209		2210
2210		2210		2211
2211		2211		2212
2212		2212		2213
2213		2213		2214
2214		2214		2215
2215		2215		2216
2216		2216		2217
2217		2217		2218
2218		2218		2219
2219		2219		2220
2220		2220		2221
2221		2221		2222
2222		2222		2223
2223		2223		2224
2224		2224		2225
2225		2225		2226
2226		2226		2227
2227		2227		2228
2228		2228		2229
2229		2229		2230
2230		2230		2231
2231		2231		2232
2232		2232		2233
2233		2233		2234
2234		2234		2235
2235		2235		2236
2236		2236		2237
2237		2237		2238
2238		2238		2239
2239		2239		2240
2240		2240		2241
2241		2241		2242
2242		2242		2243
2243		2243		2244
2244		2244		2245
2245		2245		2246
2246		2246		2247
2247		2247		2248
2248		2248		2249
2249		2249		2250
2250		2250		2251
2251		2251		2252
2252		2252		2253
2253		2253		2254
2254		2254		2255
2255		2255		2256
2256		2256		2257
2257		2257		2258
2258		2258		2259
2259		2259		2260
2260		2260		2261
2261		2261		2262
2262		2262		2263
2263		2263		2264
2264		2264		2265
2265		2265		2266
2266		2266		2267
2267		2267		2268
2268		2268		2269
2269		2269		2270
2270		2270		2271
2271		2271		2272
2272		2272		2273
2273		2273		2274
2274		2274		2275
2275		2275		2276
2276		2276		2277
2277		2277		2278
2278		2278		2279
2279		2279		2280
2280		2280		2281
2281		2281		2282
2282		2282		2283
2283		2283		2284
2284		2284		2285
2285		2285		2286
2286		2286		2287
2287		2287		2288
2288		2288		2289
2289		2289		2290
2290		2290		2291
2291		2291		2292
2292		2292		2293
2293		2293		2294
2294		2294		2295
2295		2295		2296
2296		2296		2297
2297		2297		2298
2298		2298		2299
2299		2299		2300
2300		2300		2301
2301		2301		2302
2302		2302		2303
2303		2303		2304
2304		2304		2305
2305		2305		2306
2306		2306		2307
2307		2307		2308
2308		2308		2309
2309		2309		2310
2310		2310		2311
2311		2311		2312
2312		2312		2313
2313		2313		2314
2314		2314		2315
2315		2315		2316
2316		2316		2317
2317		2317		2318
2318		2318		2319
2319		2319		2320
2320		2320		2321
2321		2321		2322
2322		2322		2323
2323		2323		2324
2324		2324		2325
2325		2325		2326
2326		2326		2327
2327		2327		2328
2328		2328		2329
2329		2329		2330
2330		2330		2331
2331		2331		2332
2332		2332		2333
2333		2333		2334
2334		2334		2335
2335		2335		2336
2336		2336		2337
2337		2337		2338
2338		2338		2339
2339		2339		2340
2340		2340		2341
2341		2341		2342
2342		2342		2343
2343		2343		2344
2344		2344		2345
2345		2345		2346
2346		2346		2347
2347		2347		2348
2348		2348		2349
2349		2349		2350
2350		2350		2351
2351		2351		2352
2352		2352		2353
2353		2353		2354
2354		2354		2355
2355		2355		2356
2356		2356		2357
2357		2357		2358
2358		2358		2359
2359		2359		2360
2360		2360		2361
2361		2361		2362
2362		2362		2363
2363		2363		2364
2364		2364		2365
2365		2365		2366
2366		2366		2367
2367		2367		2368
2368		2368		2369
2369		2369		2370
2370		2370		2371
2371		2371		2372
2372		2372		2373
2373		2373		2374
2374		2374		2375
2375		2375		2376
2376		2376		2377
2377		2377		2378
2378		2378		2379
2379		2379		2380
2380		2380		2381
2381		2381		2382
2382		2382		2383
2383		2383		2384
2384		2384		2385
2385		2385		2386
2386		2386		2387
2387		2387		2388
2388		2388		2389
2389		2389		2390
2390		2390		2391
2391		2391		2392
2392		2392		2393
2393		2393		2394
2394		2394		2395
2395		2395		2396
2396		2396		2397
2397		2397		2398
2398		2398		2399
2399		2399		2400
2400		2400		2401
2401		2401		2402
2402		2402		2403
2403		2403		2404
2404		2404		2405
2405		2405		2406
2406		2406		2407
2407		2407		2408
2408		2408		2409
2409		2409		2410
2410		2410		2411
2411		2411		2412
2412		2412		2413
2413		2413		2414
2414		2414		2415
2415		2415		2416
2416		2416		2417
2417		2417		2418
2418		2418		2419
2419		2419		2420
2420		2420		2421
2421		2421		2422
2422		2422		2423
2423		2423		2424
2424		2424		2425
2425		2425		2426
2426		2426		2427
2427		2427		2428
2428		2428		2429
2429		2429		2430
2430		2430		2431
2431		2431		2432
2432		2432		2433
2433		2433		2434
2434		2434		2435
2435		2435		2436
2436		2436		2437
2437		2437		2438
2438		2438		2439
2439		2439		2440
2440		2440		2441
2441		2441		2442
2442		2442		2443
2443		2443		2444
2444		2444		2445
2445		2445		2446
2446		2446		2447
2447		2447		2448
2448		2448		2449
2449		2449		2450
2450		2450		2451
2451		2451		2452
2452		2452		2453
2453		2453		2454
2454		2454		2455
2455		2455		2456
2456		2456		2457
2457		2457		2458
2458		2458		2459
2459		2459		2460
2460		2460		2461
2461		2461		2462
2462		2462		2463
2463		2463		2464
2464		2464		2465
2465		2465		2466
2466		2466		2467
2467		2467		2468
2468		2468		2469
2469		2469		2470
2470		2470		2471
2471		2471		2472
2472		2472		2473
2473		2473		2474
2474		2474		2475
2475		2475		2476
2476		2476		2477
2477		2477		2478
2478		2478		2479
2479		2479		2480
2480		2480		2481
2481		2481		2482
2482		2482		2483
2483		2483		2484
2484		2484		2485
2485		2485		2486
2486		2486		2487
2487		2487		2488
2488		2488		2489
2489		2489		2490
2490		2490		2491
2491		2491		2492
2492		2492		2493
2493		2493		2494
2494		2494		2495
2495		2495		2496
2496		2496		2497
2497		2497		2498
2498		2498		2499
2499		2499		2500
2500		2500		2501
2501		2501		2502
2502		2502		2503
2503		2503		2504
2504		2504		2505
2505		2505		2506
2506		2506		2507
2507		2507		2508
2508		2508		2509
2509		2509		2510
2510		2510		2511
2511		2511		2512
2512		2512		2513
2513		2513		2514
2514		2514		2515
2515		2515		2516
2516		2516		2517
2517		2517		2518
2518		2518		2519
2519		2519		2520
2520		2520		2521
2521		2521		2522
2522		2522		2523
2523		2523		2524
2524		2524		2525
2525		2525		2526
2526		2526		2527
2527		2527		2528
2528		2528		2529
2529		2529		2530
2530		2530		2531
2531		2531		2532
2532		2532		2533
2533		2533		2534
2534		2534		2535
2535		2535		2536
2536		2536		2537
2537		2537		2538
2538		2538		2539
2539		2539		2540
2540		2540		2541
2541		2541		2542
2542		2542		2543
2543		2543		2544
2544		2544		2545
2545		2545		2546
2546		2546		2547
2547		2547		2548
2548		2548		2549
2549		2549		2550
2550		2550		2551
2551		2551		2552
2552		2552		2553
2553		2553		2554
2554		2554		2555
2555		2555		2556
2556		2556		2557
2557		2557		2558
2558		2558		2559
2559		2559		2560
2560		2560		2561
2561		2561		2562
2562		2562		2563
2563		2563		2564
2564		2564		2565
2565		2565		2566
2566		2566		2567
2567		2567		2568
2568		2568		2569
2569		2569		2570
2570		2570		2571
2571		2571		2572
2572		2572		2573
2573		2573		2574
2574		2574		2575
2575		2575		2576
2576		2576		2577
2577		2577		2578
2578		2578		2579
2579		2579		2580
2580		2580		2581
2581		2581		2582
2582		2582		2583
2583		2583		2584
2584		2584		2585
2585		2585		2586
2586		2586		2587
2587		2587		2588
2588		2588		2589
2589		2589		2590
2590		2590		2591
2591		2591		2592
2592		2592		2593
2593		2593		2594
2594		2594		2595
2595		2595		2596
2596		2596		2597
2597		2597		2598
2598		2598		2599
2599		2599		2600
2600		2600		2601
2601		2601		2602
2602		2602		2603
2603		2603		2604
2604		2604		2605
2605		2605		2606
2606		2606		2607
2607		2607		2608
2608		2608		2609
2609		2609		2610
2610		2610		2611
2611		2611		2612
2612		2612		2613
2613		2613		2614
2614		2614		2615
2615		2615		2616
2616		2616		2617
2617		2617		2618
2618		2618		2619
2619		2619		2620
2620		2620		2621
2621		2621		2622
2622		2622		2623
2623		2623		2624
2624		2624		2625
2625		2625		2626
2626		2626		2627
2627		2627		2628
2628		2628		2629
2629		2629		2630
2630		2630		2631
2631		2631		2632
2632		2632		2633
2633		2633		2634
2634		2634		2635
2635		2635		2636
2636		2636		2637
2637		2637		2638
2638		2638		2639
2639		2639		2640
2640		2640		2641
2641		2641		2642
2642		2642		2643
2643		2643		2644
2644		2644		2645
2645		2645		2646
2646		2646		2647
2647		2647		2648
2648		2648		2649
2649		2649		2650
2650		2650		2651
2651		2651		2652
2652		2652		2653
2653		2653		2654
2654		2654		2655
2655		2655		2656
2656		2656		2657
2657		2657		2658
2658		2658		2659
2659		2659		2660
2660		2660		2661
2661		2661		2662
2662		2662		2663
2663		2663		2664
2664		2664		2665
2665		2665		2666
2666		2666		2667
2667		2667		2668
2668		2668		2669
2669		2669		2670
2670		2670		2671
2671		2671		2672
2672		2672		2673
2673		2673		2674
2674		2674		2675
2675		2675		2676
2676		2676		2677
2677		2677		2678
2678		2678		2679
2679		2679		2680
2680		2680		2681
2681		2681		2682
2682		2682		2683
2683		2683		2684
2684		2684		2685
2685		2685		2686
2686		2686		2687
2687		2687		2688
2688		2688		2689
2689		2689		2690
2690		2690		2691
2691		2691		2692
2692		2692		2693
2693		2693		2694
2694		2694		2695
2695		2695		2696
2696		2696		2697
2697		2697		2698
2698		2698		2699
2699		2699		2700
2700		2700		2701
2701		2701		2702
2702		2702		2703
2703		2703		2704
2704		2704		2705
2705		2705		2706
2706		2706		2707
2707		2707		2708
2708		2708		2709
2709		2709		2710
2710		2710		2711
2711		2711		2712
2712		2712		2713
2713		2713		2714
2714		2714		2715
2715		2715		2716
2716		2716		2717
2717		2717		2718
2718		2718		2719
2719		2719		2720
2720		2720		2721
2721		2721		2722
2722		2722		2723
2723		2723		2724
2724		2724		2725
2725		2725		2726
2726		2726		2727
2727		2727		2728
2728		2728		2729
2729		2729		2730
2730		2730		2731
2731		2731		2732
2732		2732		2733
2733		2733		2734
2734		2734		2735
2735		2735		2736
2736		2736		2737
2737		2737		2738
2738		2738		2739
2739		2739		2740
2740		2740		2741
2741		2741		2742
2742		2742		2743
2743		2743		2744
2744		2744		2745
2745		2745		2746
2746		2746		2747
2747		2747		2748
2748		2748		2749
2749		2749		2750
2750		2750		2751
2751		2751		2752
2752		2752		2753
2753		2753		2754
2754		2754		2755
2755		2755		2756
2756		2756		2757
2757		2757		2758
2758		2758		2759
2759		2759		2760
2760		2760		2761
2761		2761		2762
2762		2762		2763
2763		2763		2764
2764		2764		2765
2765		2765		2766
2766		2766		2767
2767		2767		2768
2768		2768		2769
2769		2769		2770
2770		2770		2771
2771		2771		2772
2772		2772		2773
2773		2773		2774
2774		2774		2775
2775		2775		2776
2776		2776		2777
2777		2777		2778
2778		2778		2779
2779		2779		2780
2780		2780		2781
2781		2781		2782
2782		2782		2783
2783		2783		2784
2784		2784		2785
2785		2785		2786
2786		2786		2787
2787		2787		2788
2788		2788		2789
2789		2789		2790
2790		2790		2791
2791		2791		2792
2792		2792		2793
2793		2793		2794
2794		2794		2795
2795		2795		2796
2796		2796		2797
2797		2797		2798
2798		2798		2799
2799		2799		2800
2800		2800		2801
2801		2338		2045
2802		2097		1796
2803		1480		1399
2804		451		1517
2805		277		889
2806		1095		1828
2807		1343		2482
2808		443		2203
2809		1566		1386
2810		2118		119
2811		1205		1983
2812		2498		1572
2813		1288		1506
2814		199		2597
2815		55		168
2816		1892		1822
2817		2658		2342
2818		1352		1602
2819		188		449
2820		1493		640
2821		1009		340
2822		2601		498
2823		2163		1944
2824		1010		91
2825		2504		1659
2826		2549		1395
2827		622		1179
2828		2599		10
2829		215		2047
2830		1740		1751
2831		1994		2678
2832		844		2437
2833		1768		2351
2834		323		1533
2835		1767		2483
2836		1380		1099
2837		1762		1644
2838		1274		916
2839		2569		1762
2840		1148		687
2841		176		273
2842		112		2775
2843		951		1951
2844		1172		2119
2845		589		1028
2846		1530		1361
2847		286		769
2848		233		2738
2849		1182		121
2850		488		833
2851		1501		771
2852		2546		2266
2853		599		2397
2854		412		1605
2855		2440		773
2856		399		425
2857		2202		633
2858		1811		2396
2859		988		3
2860		2669		857
2861		1002		2383
2862		1768		2153
2863		550		729
2864		1573		263
2865		2623		801
2866		636		719
2867		400		1411
2868		366		1195
2869		1141		2301
2870		1779		617
2871		1724		1116
2872		1349		799
2873		194		501
2874		2070		1825
2875		2041		265
2876		2686		970
2877		2787		2300
2878		2426		1722
2879		1842		237
2880		16		2006
2881		2379		2529
2882		1068		1868
2883		342		2298
2884		747		1402
2885		103		433
2886		183		1597
2887		2758		1386
2888		798		518
2889		882		641
2890		1290		1098
2891		617		1822
2892		309		112
2893		695		836
2894		1773		953
2895		2132		1469
2896		1076		100
2897		365		2626
2898		97		2607
2899		2717		812
2900		2015		2737
2901		722		1613
2902		1160		946
2903		2086		1691
2904		1224		2351
2905		1911		159
2906		2701		55
2907		1427		344
2908		2752		1471
2909		2287		240
2910		404		2728
2911		1674		2504
2912		1634		1438
2913		1484		1696
2914		2456		597
2915		2177		2198
2916		2704		354
2917		1698		1072
2918		148		879
2919		2588		1008
2920		545		1078
2921		1952		951
2922		1510		377
2923		276		2420
2924		2696		1890
2925		407		1167
2926		368		136
2927		1476		629
2928		2463		1951
2929		881		11
2930		395		824
2931		680		645
2932		1651		1195
2933		821		619
2934		1564		793
2935		1095		839
2936		2188		141
2937		314		1642
2938		2765		2724
2939		1265		1385
2940		1131		296
2941		2379		2399
2942		2197		1796
2943		2474		1951
2944		1836		826
2945		707		212
2946		289		1882
2947		2641		270
2948		1585		1955
2949		2113		312
2950		2182		523
2951		1914		1167
2952		653		992
2953		53		631
2954		693		1770
2955		1080		1456
2956		94		1226
2957		1078		1262
2958		2627		1853
2959		2601		892
2960		1044		1394
2961		2373		2295
2962		2339		2562
2963		2373		394
2964		2215		1363
2965		1254		2026
2966		412		1509
2967		247		2710
2968		1378		1543
2969		577		2638
2970		765		1546
2971		1999		557
2972		1715		2247
2973		2724		344
2974		1434		1104
2975		158		2407
2976		2214		1534
2977		2312		2108
2978		570		739
2979		235		1128
2980		2420		1956
2981		2521		2518
2982		679		255
2983		2717		1478
2984		2105		914
2985		2160		739
2986		443		670
2987		376		1853
2988		2348		1679
2989		2159		916
2990		560		802
2991		692		76
2992		1218		1573
2993		2438		1745
2994		343		1361
2995		2683		1250
2996		343		1349
2997		21		1200
2998		1697		2094
2999		981		831
3000		141		2086
3001		2746		1118
3002		1432		688
3003		1051		781
3004		1417		1427
3005		837		2648
3006		1138		2774
3007		2159		2526
3008		894		1682
3009		1705		1040
3010		149		2732
3011		609		2388
3012		2578		1015
3013		1624		204
3014		2247		2046
3015		2062		1834
3016		332		1249
3017		1061		906
3018		236		1109
3019		1634		781
3020		2560		2103
3021		304		1226
3022		1220		1826
3023		396		1722
3024		2559		2781
3025		2365		957
3026		2117		300
3027		1593		2701
3028		459		1757
3029		397		2353
3030		2061		2784
3031		562		2708
3032		1321		251
3033		422		324
3034		1810		746
3035		2709		1725
3036		1460		1643
3037		1984		676
3038		2606		1261
3039		903		781
3040		1021		2534
3041		125		2086
3042		812		2351
3043		1247		2457
3044		257		2683
3045		2742		1427
3046		590		2493
3047		1988		1791
3048		2113		148
3049		2047		1529
3050		309		2550
3051		1928		249
3052		2392		245
3053		2059		1174
3054		1571		1090
3055		501		479
3056		2703		450
3057		214		1033
3058		747		1584
3059		62		1918
3060		862		880
3061		1219		1131
3062		2091		235
3063		1972		1195
3064		945		1053
3065		1859		2553
3066		2548		2344
3067		9		1986
3068		1859		381
3069		1058		1573
3070		2696		942
3071		513		451
3072		2446		886
3073		532		1520
3074		973		608
3075		1358		2719
3076		177		190
3077		1296		1168
3078		1798		2012
3079		2594		2757
3080		449		2689
3081		2001		352
3082		1744		667
3083		1833		892
3084		939		1931
3085		140		2616
3086		2590		877
3087		1029		1100
3088		236		2741
3089		713		973
3090		2793		1728
3091		1523		1546
3092		2210		1085
3093		1169		800
3094		803		2322
3095		1398		1898
3096		2316		30
3097		640		145
3098		2381		1309
3099		1434		1281
3100		1516		800
3101		877		2454
3102		2322		99
3103		1482		604
3104		1813		1056
3105		687		215
3106		1355		224
3107		565		1324
3108		2460		2438
3109		304		325
3110		2034		26
3111		724		1779
3112		2661		2064
3113		2082		260
3114		954		2144
3115		1305		1354
3116		428		2250
3117		135		1268
3118		946		1969
3119		1919		1019
3120		385		522
3121		2735		2663
3122		365		749
3123		2159		688
3124		2010		1200
3125		268		436
3126		1330		911
3127		918		153
3128		2092		830
3129		2373		75
3130		1027		670
3131		1588		2631
3132		1102		1317
3133		2465		986
3134		932		112
3135		2168		1088
3136		1049		1668
3137		248		217
3138		2282		809
3139		388		975
3140		2719		1178
3141		663		2298
3142		1622		1348
3143		2662		2128
3144		2472		2775
3145		816		263
3146		979		249
3147		1173		480
3148		697		342
3149		2378		98
3150		291		1637
3151		1718		945
3152		1100		1768
3153		791		1860
3154		2023		152
3155		797		2696
3156		306		104
3157		1360		2709
3158		2608		657
3159		1588		15
3160		1583		1999
3161		974		936
3162		2066		238
3163		2293		552
3164		345		1995
3165		938		381
3166		2205		643
3167		280		1920
3168		1851		2039
3169		2255		1342
3170		964		2457
3171		133		2718
3172		549		2613
3173		2634		1173
3174		2333		171
3175		409		1492
3176		2496		1810
3177		1183		484
3178		365		833
3179		1822		2305
3180		2089		192
3181		642		310
3182		149		32
3183		1869		1447
3184		1544		1540
3185		519		1582
3186		2051		916
3187		397		550
3188		2568		312
3189		397		2071
3190		2265		191
3191		2132		2451
3192		1230		567
3193		2558		725
3194		1832		198
3195		71		41
3196		921		2532
3197		1001		381
3198		129		424
3199		2766		2669
3200		169		170
3201		613		556
3202		2789		929
3203		1184		2521
3204		2415		167
3205		1734		719
3206		1874		456
3207		1181		2560
3208		325		638
3209		902		1545
3210		1654		711
3211		1885		1435
3212		2732		209
3213		429		730
3214		1599		967
3215		2596		2343
3216		2180		2375
3217		570		293
3218		155		1484
3219		1135		1458
3220		171		364
3221		1934		949
3222		2309		1301
3223		425		1917
3224		699		1241
3225		1719		1839
3226		698		1893
3227		1637		1964
3228		938		246
3229		1626		2246
3230		1496		847
3231		2098		1846
3232		302		1934
3233		1189		2570
3234		1801		2446
3235		81		1872
3236		2132		491
3237		1424		2567
3238		2376		2719
3239		890		1206
3240		2620		396
3241		2320		1158
3242		272		2451
3243		2528		2041
3244		1434		2416
3245		856		2796
3246		1765		1506
3247		1593		2085
3248		2059		1072
3249		2493		2497
3250		1548		1347
3251		1893		1034
3252		1297		1211
3253		1007		726
3254		815		1325
3255		587		2555
3256		1764		382
3257		2631		2051
3258		367		212
3259		179		2442
3260		624		2066
3261		340		2539
3262		786		1147
3263		160		1895
3264		976		2255
3265		887		2420
3266		398		2070
3267		1219		1561
3268		561		1836
3269		592		2797
3270		2079		2018
3271		2432		2686
3272		2790		2676
3273		2702		1909
3274		1418		1163
3275		536		440
3276		568		2041
3277		1737		1546
3278		2304		1153
3279		1109		2752
3280		1708		684
3281		1022		1312
3282		233		1836
3283		1744		2290
3284		207		1402
3285		1430		1131
3286		410		2339
3287		465		776
3288		2797		805
3289		918		2307
3290		1154		1183
3291		2056		638
3292		2418		113
3293		322		918
3294		2655		1994
3295		1343		173
3296		1040		2707
3297		348		1662
3298		1016		1294
3299		1526		1067
3300		92		446
3301		646		2533
3302		1021		2740
3303		376		1415
3304		690		1905
3305		1311		2249
3306		550		2084
3307		1008		1293
3308		557		2301
3309		2279		1805
3310		1093		2641
3311		1040		1029
3312		416		101
3313		2374		272
3314		1497		1306
3315		1445		1021
3316		2542		677
3317		475		2427
3318		2768		739
3319		1522		1452
3320		1653		1356
3321		1960		508
3322		2080		350
3323		273		951
3324		2650		496
3325		677		2322
3326		2422		676
3327		18		2344
3328		2347		1093
3329		2628		2152
3330		612		433
3331		354		749
3332		1934		2551
3333		1396		1724
3334		1128		2591
3335		2052		2763
3336		2703		145
3337		907		1477
3338		269		1768
3339		2034		178
3340		2766		1190
3341		2564		770
3342		716		1512
3343		412		1603
3344		1926		439
3345		519		1508
3346		2393		1525
3347		2119		1995
3348		198		747
3349		1564		1996
3350		284		2037
3351		1926		495
3352		1363		507
3353		2765		2102
3354		952		371
3355		1178		1193
3356		35		1695
3357		736		2354
3358		157		292
3359		1640		2161
3360		1445		639
3361		691		2641
3362		1959		2206
3363		969		1230
3364		598		2743
3365		2546		1335
3366		696		1780
3367		1037		34
3368		2225		2276
3369		824		1933
3370		2016		71
3371		1789		2592
3372		1182		669
3373		2237		1401
3374		153		914
3375		1674		2545
3376		512		227
3377		1084		2334
3378		229		60
3379		1144		1537
3380		2226		486
3381		1753		2131
3382		1379		2039
3383		835		1053
3384		1814		2738
3385		1865		2666
3386		59		599
3387		746		385
3388		1363		944
3389		1533		676
3390		772		2135
3391		1819		460
3392		863		2377
3393		1294		954
3394		2524		1325
3395		836		2786
3396		790		1572
3397		2378		2732
3398		83		1011
3399		1044		1867
3400		2157		2776
3401		1263		2781
3402		547		941
3403		19		927
3404		2113		1849
3405		1998		606
3406		465		1184
3407		977		298
3408		679		1795
3409		430		237
3410		1061		2269
3411		2042		920
3412		1308		2318
3413		1624		1018
3414		2572		1639
3415		2688		1693
3416		2642		2526
3417		801		1295
3418		655		674
3419		67		942
3420		1977		630
3421		1699		392
3422		100		879
3423		1823		1742
3424		801		330
3425		1276		1787
3426		166		2087
3427		1504		1934
3428		695		733
3429		2043		1469
3430		1795		2266
3431		607		804
3432		991		519
3433		1977		2197
3434		831		2004
3435		2331		1864
3436		1862		182
3437		2282		2632
3438		2084		634
3439		870		269
3440		444		862
3441		1145		664
3442		171		2482
3443		1963		153
3444		1854		1801
3445		1167		530
3446		2575		2005
3447		1888		1388
3448		517		1937
3449		12		2796
3450		242		1305
3451		1233		2459
3452		2668		668
3453		1750		1835
3454		1792		2173
3455		1653		2363
3456		2014		1909
3457		244		2086
3458		1619		2354
3459		1699		2018
3460		466		1048
3461		1445		682
3462		2173		1194
3463		172		697
3464		1298		2357
3465		961		2360
3466		1332		951
3467		2074		559
3468		828		248
3469		1954		1645
3470		2098		1942
3471		584		2212
3472		2622		1323
3473		2328		2412
3474		1763		1591
3475		1580		163
3476		483		2422
3477		1273		8
3478		2380		2565
3479		1092		1710
3480		433		206
3481		319		264
3482		1068		2261
3483		425		1097
3484		1357		2099
3485		2770		1956
3486		597		1020
3487		1538		1120
3488		300		691
3489		2061		1641
3490		173		2748
3491		1607		1399
3492		2313		461
3493		731		2067
3494		2682		1900
3495		781		2083
3496		1416		1509
3497		1537		434
3498		2500		1927
3499		1432		2431
3500		783		2543
3501		2590		728
3502		2741		1735
3503		316		2413
3504		917		2036
3505		1077		2607
3506		2242		2241
3507		965		2190
3508		112		2376
3509		2418		1253
3510		2546		1797
3511		1502		610
3512		1792		132
3513		1619		2484
3514		1805		359
3515		603		178
3516		1591		2269
3517		2300		2111
3518		2056		2171
3519		621		1441
3520		591		2412
3521		2335		2468
3522		976		1832
3523		1565		1239
3524		2183		418
3525		1779		2473
3526		1595		930
3527		2763		1575
3528		1133		746
3529		2643		1962
3530		1252		2318
3531		1712		146
3532		2164		1461
3533		1569		59
3534		278		2583
3535		2726		1486
3536		2410		409
3537		2381		1702
3538		1511		1213
3539		1089		1566
3540		1649		959
3541		549		2310
3542		485		814
3543		1544		210
3544		1293		460
3545		1563		2501
3546		441		1452
3547		1791		1165
3548		1421		1221
3549		1429		1852
3550		181		1308
3551		1245		2370
3552		238		551
3553		1104		2601
3554		1507		2501
3555		744		2091
3556		1058		1061
3557		1281		1691
3558		2487		2062
3559		1617		2452
3560		1781		1983
3561		319		648
3562		2269		1938
3563		2028		1012
3564		1360		92
3565		1960		1907
3566		1898		2580
3567		411		955
3568		2442		1592
3569		999		60
3570		253		1415
3571		2501		1112
3572		1269		2155
3573		2580		2459
3574		1755		1353
3575		1164		592
3576		1421		2269
3577		2652		2222
3578		2769		1612
3579		2564		251
3580		1895		2485
3581		676		1105
3582		2754		2636
3583		2041		755
3584		297		2320
3585		1525		1078
3586		71		1571
3587		1442		487
3588		2238		2012
3589		637		1836
3590		314		289
3591		704		41
3592		720		1464
3593		400		146
3594		1275		1015
3595		789		1157
3596		2000		2601
3597		7		1608
3598		592		1734
3599		2608		2640
3600		1507		2456
3601		2559		141
3602		17		1464
3603		1214		2117
3604		1713		1420
3605		2667		1599
3606		536		962
3607		509		1980
3608		2133		1361
3609		2521		599
3610		67		1923
3611		1539		1750
3612		1545		2658
3613		1483		2371
3614		602		63
3615		2215		1838
3616		18		1451
3617		161		126
3618		1486		1762
3619		2167		2324
3620		223		359
3621		1837		1140
3622		1110		2212
3623		1532		712
3624		2626		1747
3625		393		2251
3626		1930		985
3627		2790		1723
3628		1040		1014
3629		618		966
3630		448		2757
3631		266		2448
3632		2536		789
3633		2632		287
3634		511		2082
3635		1404		932
3636		1169		473
3637		504		2442
3638		2131		2189
3639		1421		1330
3640		943		251
3641		1027		1414
3642		2798		863
3643		1659		679
3644		2073		596
3645		2097		1700
3646		1296		399
3647		237		1839
3648		2536		1384
3649		2470		1754
3650		369		1288
3651		1927		2650
3652		411		2648
3653		549		1737
3654		2467		1619
3655		2446		1659
3656		2776		1297
3657		2175		679
3658		1915		2470
3659		1095		2654
3660		49		1218
3661		2055		2032
3662		2740		647
3663		1147		959
3664		2584		1680
3665		2232		2518
3666		2484		1273
3667		83		2352
3668		1763		2483
3669		10		1489
3670		643		2165
3671		517		121
3672		1418		551
3673		1736		1468
3674		1483		699
3675		482		1752
3676		37		1006
3677		1863		2089
3678		1230		1734
3679		929		1343
3680		950		2052
3681		1890		1533
3682		824		247
3683		1716		1856
3684		2378		467
3685		1615		648
3686		2022		2685
3687		109		1490
3688		1141		870
3689		2273		64
3690		1418		472
3691		929		2077
3692		2502		1332
3693		214		891
3694		404		283
3695		505		14
3696		1321		1504
3697		893		707
3698		2215		722
3699		2600		2208
3700		1242		1655
3701		2415		2430
3702		1472		1797
3703		1883		940
3704		2055		955
3705		2211		1169
3706		399		2667
3707		69		1961
3708		946		1225
3709		2707		1663
3710		2513		2627
3711		150		1894
3712		819		669
3713		927		1992
3714		2531		1404
3715		401		2259
3716		2766		2037
3717		923		375
3718		352		1144
3719		2201		2414
3720		2472		1499
3721		1757		1337
3722		426		1960
3723		1560		1296
3724		2656		906
3725		1324		1056
3726		542		406
3727		2175		2104
3728		1116		2713
3729		968		2381
3730		4		973
3731		1716		751
3732		1468		818
3733		2144		1524
3734		1791		952
3735		1757		1266
3736		1974		835
3737		1099		1121
3738		865		2162
3739		71		1167
3740		2537		410
3741		2224		1465
3742		1852		95
3743		285		2575
3744		646		924
3745		1446		798
3746		828		2579
3747		1815		1893
3748		973		2193
3749		909		2682
3750		1057		1893
3751		892		1228
3752		2380		2487
3753		2124		1118
3754		1609		1454
3755		591		1379
3756		2452		1707
3757		1022		1648
3758		2095		7
3759		463		1351
3760		1526		624
3761		703		96
3762		256		2221
3763		1499		2044
3764		97		1015
3765		2311		987
3766		1844		2048
3767		1220		1261
3768		1006		1019
3769		2419		1509
3770		1325		727
3771		2016		1491
3772		468		330
3773		771		2044
3774		1848		1605
3775		532		2198
3776		365		2559
3777		552		1348
3778		808		238
3779		2237		2294
3780		2042		2779
3781		837		2384
3782		2445		167
3783		2345		2710
3784		1435		2187
3785		1186		2304
3786		2009		1417
3787		1047		2543
3788		392		100
3789		2651		2391
3790		1539		1919
3791		1232		2505
3792		2184		1003
3793		1336		1638
3794		369		2299
3795		2013		2144
3796		1878		2286
3797		2203		2784
3798		2229		2435
3799		2082		360
3800		2579		1785
3801		249		1485
3802		238		1242
3803		2394		1091
3804		2411		548
3805		147		41
3806		2675		652
3807		1190		1494
3808		1429		2159
3809		485		956
3810		597		1480
3811		280		2288
3812		2742		2230
3813		1088		738
3814		421		1931
3815		186		2196
3816		2445		1597
3817		161		2252
3818		1526		1840
3819		1661		738
3820		31		1844
3821		1940		189
3822		1368		2400
3823		989		723
3824		85		1255
3825		178		1394
3826		2022		263
3827		799		2493
3828		1926		1659
3829		1567		2409
3830		1182		790
3831		2768		2253
3832		2604		846
3833		2616		1361
3834		1769		305
3835		2551		1961
3836		125		2013
3837		2285		1579
3838		2169		2755
3839		2345		2497
3840		1296		2347
3841		1702		1437
3842		2649		2419
3843		1188		179
3844		62		1963
3845		1847		2030
3846		2581		2268
3847		2213		1777
3848		2149		2343
3849		2355		573
3850		206		1027
3851		1160		1045
3852		1664		471
3853		2497		2529
3854		1786		322
3855		2373		564
3856		875		2413
3857		504		2156
3858		61		2788
3859		2769		904
3860		2623		2337
3861		2099		2282
3862		274		700
3863		2608		275
3864		766		2538
3865		2178		1992
3866		1869		226
3867		1772		911
3868		360		2243
3869		2337		2046
3870		1521		1036
3871		2562		2333
3872		1923		1359
3873		1564		100
3874		2627		176
3875		1511		1539
3876		2498		1563
3877		1792		1756
3878		288		165
3879		1060		1280
3880		2499		1867
3881		651		1314
3882		1132		1990
3883		2558		253
3884		2411		484
3885		492		1651
3886		790		762
3887		1642		1369
3888		2139		1518
3889		1839		495
3890		2192		2540
3891		2086		2152
3892		2497		482
3893		530		2727
3894		1690		250
3895		521		1997
3896		611		1805
3897		116		1365
3898		2370		1411
3899		1569		159
3900		2533		1715
3901		1364		2288
3902		2558		2218
3903		364		1008
3904		1442		2245
3905		1430		332
3906		693		2070
3907		1802		1789
3908		2133		2371
3909		2382		15
3910		2370		2105
3911		904		462
3912		2353		2615
3913		1401		1148
3914		2105		2027
3915		637		253
3916		1907		1335
3917		148		1948
3918		2660		1782
3919		1363		2256
3920		1884		819
3921		1441		160
3922		1057		1380
3923		459		554
3924		1914		10
3925		1317		1365
3926		2718		1212
3927		2109		604
3928		1229		1793
3929		2024		2386
3930		2666		351
3931		1569		1116
3932		1617		1854
3933		2222		2390
3934		2234		2205
3935		1332		796
3936		2661		2445
3937		2537		2585
3938		1601		1197
3939		2496		2392
3940		2735		2669
3941		940		900
3942		1600		445
3943		2142		1192
3944		358		1625
3945		707		2762
3946		1335		1917
3947		240		1823
3948		2390		1015
3949		1226		2551
3950		1245		823
3951		695		1499
3952		1433		148
3953		1400		256
3954		2337		2742
3955		229		1765
3956		363		2171
3957		1324		903
3958		1438		1432
3959		1538		2295
3960		146		631
3961		2587		1066
3962		2607		1609
3963		1000		972
3964		2236		217
3965		2650		1071
3966		1117		870
3967		2779		22
3968		1938		181
3969		1892		965
3970		774		2424
3971		2608		1839
3972		235		1272
3973		546		676
3974		2787		2215
3975		80		1238
3976		642		2516
3977		2715		240
3978		332		1105
3979		956		1214
3980		386		2445
3981		514		2311
3982		2454		1089
3983		2481		1524
3984		2708		516
3985		1713		236
3986		2425		1221
3987		252		2561
3988		2145		738
3989		2518		115
3990		2412		1215
3991		2627		459
3992		1812		620
3993		1076		2716
3994		2581		1808
3995		181		486
3996		1942		2485
3997		2357		667
3998		675		46
3999		845		858
4000		480		848
